min_40280_40040 = 1.000000e+00
min_40280_42840 = 9.999366e-01
min_40280_45640 = 9.999164e-01
min_40660_40040 = 9.999277e-01
min_40660_42840 = 9.999119e-01
min_40660_45640 = 9.998972e-01
min_41420_40040 = 9.998914e-01
min_41420_42840 = 9.998829e-01
min_41420_45640 = 9.998774e-01
min_41800_40040 = 9.998583e-01
min_41800_42840 = 9.998565e-01
min_41800_45640 = 9.998530e-01
min_42180_40040 = 9.998306e-01
min_42180_42840 = 9.998328e-01
min_42180_45640 = 9.998332e-01
min_42560_40040 = 9.998152e-01
min_42560_42840 = 9.998119e-01
min_42560_45640 = 9.998168e-01
min_42940_40040 = 9.997988e-01
min_42940_42840 = 9.998030e-01
min_42940_45640 = 9.998000e-01
min_43700_40040 = 9.997978e-01
min_43700_42840 = 9.997958e-01
min_43700_45640 = 9.997949e-01
min_44080_40040 = 9.997897e-01
min_44080_42840 = 9.997905e-01
min_44080_45640 = 9.997882e-01
min_44460_40040 = 9.997807e-01
min_44460_42840 = 9.997841e-01
min_44460_45640 = 9.997835e-01
min_44840_40040 = 9.997782e-01
min_44840_42840 = 9.997725e-01
min_44840_45640 = 9.997755e-01
min_45220_40040 = 9.997654e-01
min_45220_42840 = 9.997676e-01
min_45220_45640 = 9.997573e-01
min_45600_40040 = 9.997509e-01
min_45600_42840 = 9.997546e-01
min_45600_45640 = 9.997501e-01
min_45980_40040 = 9.997454e-01
min_45980_42840 = 9.997434e-01
min_45980_45640 = 9.997415e-01
min_46740_40040 = 9.997298e-01
min_46740_42840 = 9.997350e-01
min_46740_45640 = 9.997312e-01
min_47120_40040 = 9.997194e-01
min_47120_42840 = 9.997293e-01
min_47120_45640 = 9.997274e-01
min_47500_40040 = 9.997219e-01
min_47500_42840 = 9.997173e-01
min_47500_45640 = 9.997215e-01
min_48260_40040 = 9.997070e-01
min_48260_42840 = 9.997133e-01
min_48260_45640 = 9.997074e-01
min_48640_40040 = 9.997057e-01
min_48640_42840 = 9.997074e-01
min_48640_45640 = 9.997012e-01
min_49020_40040 = 9.996978e-01
min_49020_42840 = 9.996921e-01
min_49020_45640 = 9.996935e-01
min_49400_40040 = 9.996853e-01
min_49400_42840 = 9.996895e-01
min_49400_45640 = 9.996917e-01
min_50540_40040 = 9.996807e-01
min_50540_42840 = 9.996885e-01
min_50540_45640 = 9.996836e-01
min_50920_40040 = 9.996801e-01
min_50920_42840 = 9.996781e-01
min_50920_45640 = 9.996740e-01
min_51300_40040 = 9.996758e-01
min_51300_42840 = 9.996791e-01
min_51300_45640 = 9.996718e-01
min_51680_40040 = 9.996767e-01
min_51680_42840 = 9.996812e-01
min_51680_45640 = 9.996756e-01
min_53200_40040 = 9.996725e-01
min_53200_42840 = 9.996805e-01
min_53200_45640 = 9.996757e-01
